114
122
127
246
277
287
300
327
377
444
453
508
546
587
627
748
777
816
817
854
923
944
949
990
1002
1057
1070
1129
1132
1169
1277
1369
1388
1436
1520
1584
1620
1664
1840
1913
2040
2046
2063
2162
2198
2337
2463
2609
2915
2967
3112
3646
3793
3865
3866
3905
4051
4541
4561
4577
4629
4827
4833
5012
5095
5143
5185
5212
5256
5271
5286
5289
5302
5310
5316
5318
5331
5349
5353
5368
5377
5393
5394
5432
5445
5480
5533
5619
5734
5770
5776
5787
6038
6059
6304
6316
6615
6616
6617
6785
7060
7061
7062
7426
7427
7430
7434
7437
7438
7439
7441
7442
7444
7446
7448
7451
7769
7968
7969
8018
8020
8022
8029
8032
8033
8104
8110
8113
8116
8386
8694
8695
8696
8697
8698
8700
8710
8711
8712
8716
8726
8727
8728
8732
8743
8748
8758
8759
8760
8764
8820
8821
9015
9064
9067
9071
9072
9073
9074
9075
9076
9087
9120
9127
9299
9483
9486
9497
9628
9629
9798
9803
9889
9890
9891
10091
10094
10230
10356
10357
10358
10359
10360
10362
10370
10371
10375
10376
10382
10383
10384
10386
10387
10388
10389
10390
10391
10392
10393
10398
10399
10400
10401
10402
10403
10404
10405
10406
10407
10408
10409
10410
10411
10412
10413
10414
10415
10416
10417
10418
10419
10420
10421
10422
10423
10424
10425
10426
10427
10433
10436
10437
10456
10457
10458
10459
10460
10461
10462
10465
10466
10687
10848
10923
10926
10927
10932
10933
10969
11183
11185
11187
11189
11192
11194
11319
11702
11703
11704
11705
11706
11828
11831
11832
11863
11864
11865
11866
11867
11868
11960
12125
12130
12131
12453
12454
12464
12465
12469
12493
12495
12496
12630
12832
12833
12841
12898
13655